Title: Rotation Signatures of TESS B-type Stars: Enlarging the Sample
Authors: Campelo J.P.S., Canto Martins B.L., Leao I.C., Fontinele D.O., 
         Gomes R.L., Messias Y.S., Janot-Pacheco E., Almeida L.A., Brito A.C., 
         Ferreira Lopes C.E., De Medeiros J.R.
Table: List of 373 TESS B-type stars composing the present working sample.
================================================================================
Byte-by-byte Description of file: apjadef2ft1_mrt.txt
--------------------------------------------------------------------------------
   Bytes Format Units   Label    Explanations
--------------------------------------------------------------------------------
   1-  9 I9     ---     TIC      TIC ID
  11- 15 I5     K       Teff     ?="" Effective temperature (1)
  17- 21 F5.3   [cm/s2] logg     ?="" Log surface gravity (1)
  23- 28 F6.3   mag     GMag     ?="" Absolute magnitude in Gaia G band (2)
  30- 35 F6.3   mag     BP-RP    ?="" BP-RP Gaia colour (2)
  37- 89 A53    ---     Sectors  TESS observation sectors
--------------------------------------------------------------------------------
Note (1): From Gaia Collaboration (2022) [2022yCat.1355....0G] when available, 
          or from Stassun et al. (2019) [2019AJ....158..138S] otherwise.
Note (2): From Gaia Collaboration (2022) [2022yCat.1355....0G].
--------------------------------------------------------------------------------
  1152358 32500 5.799  4.669 -0.415 22                                                    
  4289780             -0.491 -0.048 06,32                                                 
  4373827 27910 5.402  4.188 -0.374 20,44-47,60                                           
  4491131 30760 5.702  4.672 -0.348 20,44-46,60,71,72                                     
  8773089 25000 5.402  5.518  0.221 19,59,73                                              
  9346617 27180 5.201  3.794 -0.413 21,48                                                 
  9375378 31000 5.599  4.360  0.218 21,48                                                 
  9376301 36400 5.499  3.248 -0.510 21,48                                                 
 10510382 14806 3.553 -2.419 -0.027 18,24,25,52,58                                        
 11286209 19864 3.958 -1.537 -0.232 06,32                                                 
 12149245  8024       -6.454  0.679 14,15,41,55                                           
 14249970 31000 5.599               20,47,60,73                                           
 16046443 31000 5.599  5.463 -0.367 20,47,60                                              
 16876025 31000 5.599  3.106  0.212 17,57                                                 
 16876165              4.794 -0.465 21,48                                                 
 17124499 27700 5.499  4.366 -0.401 21,48                                                 
 17656164  8190 4.587  3.471  0.208 22,49                                                 
 18745933 12392 4.486  1.149 -0.053 20,47,60                                              
 21343832 20400 4.999  4.230 -0.256 20,47,60                                              
 21372970 31700 5.301  3.696 -0.338 20,47,60                                              
 21599042 31000 5.599  4.426 -0.454 22,49                                                 
 21682866 31400 5.499  4.063 -0.148 25,51,52                                              
 23708714 17500 4.999  0.830 -0.039 16,23,49,50                                           
 39174351 26882 4.282  0.391 -0.424 22,49                                                 
 39947484  9999 4.623  3.737 -0.256 24,25,51,52                                           
 40050637              4.383 -0.378 24,25,51,52                                           
 47377536 33150 5.799  4.226 -0.465 09,35,46,72                                           
 47581488              3.363 -0.300 14,26,52-55                                           
 47583864 19472 3.536 -3.114 -0.257 14,15,25,26,40,41,52-55                               
 47763235 22638 3.353 -4.055 -0.350 06,33                                                 
 48022676 15898 3.559 -1.883 -0.013 14,15,19,22,25,26,40,41,49,52,53,55,56,59,73          
 48217508 17905 4.098 -1.882 -0.252 14,15,26,40,41,53-55                                  
 48503549 15592 4.027 -1.109 -0.265 14,15,26,41,53-55,59                                  
 50743458 15561 3.959 -1.077 -0.228 06,32                                                 
 50787573              0.150 -0.107 06,32                                                 
 55642026              4.824 -0.411 20,60,73                                              
 55753808 33620 5.903  4.465 -0.488 21,22,41,48                                           
 56863037 31940 5.775  4.331 -0.458 21,47                                                 
 57189056 14193 3.953 -0.824 -0.187 25,51,52                                              
 57257430 29990 5.599  4.613 -0.426 24,25,51,52                                           
 58105597 30800 5.799  4.451 -0.288 17,57                                                 
 63719894 31000 5.599  4.086 -0.293 18,58                                                 
 65403216 15165 3.921 -1.336 -0.247 07,33,34,61                                           
 67423472 31000 5.599  4.111 -0.348 18,58                                                 
 68495594              3.767 -0.426 20,44,45,60,71,72                                     
 68873560 26850 5.402  4.257 -0.409 24,25,51,52                                           
 69025787 12326 4.443  0.948 -0.064 20,44,45,47,60                                        
 71146552 17570 4.447  1.062 -0.223 20,47,60                                              
 76343753 31000 5.599  4.273 -0.380 26,40,53,54                                           
 82286180 30100 5.702  4.629 -0.381 22                                                    
 85145647 31000 5.599  3.660 -0.369 20,47                                                 
 85400193 27500 5.599  5.116 -0.145 18,58                                                 
 85407360 28500 5.301  4.024 -0.014 25,26,51-53                                           
 85979436 19696 4.383  3.082  0.394 21,44-46,48,72                                        
 86430323 30500 5.599  4.360 -0.323 14,20,21,40,41,47                                     
 88021496 15763 4.117 -4.186 -0.231 21,45,46,48,72                                        
 88484868 28750 5.402  4.122 -0.338 20,47,60,73                                           
 88565376 28400 5.301  4.128 -0.297 20,47,60,73                                           
 91198426 32110 5.702  4.683 -0.386 20,45,71,72                                           
 92124675 26600 5.599  4.751 -0.383 23                                                    
 95526898 29100 5.599  3.945 -0.396 23,50                                                 
 95767039 33100 5.599  4.409 -0.469 22,46,48                                              
 95856782 31000 5.599  3.244  0.025 22,45,46,72                                           
 99091407 37800 5.499  4.021 -0.439 21,47                                                 
 99641129 30200 5.702  4.103 -0.361 20,47,60,73                                           
 99899463  7998 4.533  3.279  0.249 21,41,48                                              
 99954966 29300 5.599  4.343 -0.423 14,15,21,41,48                                        
100013600 31000 5.599 13.128  0.437 14,15,21,41,48                                        
100728163 15864 3.953 -2.037 -0.153 16,56                                                 
101167744 29900 5.599  5.456 -0.044 18,58,70,71                                           
101548929 31000 5.599  4.139 -0.379 21,47                                                 
110798652 17116 3.948 -0.982 -0.253 07,34,61                                              
115286784 30700 5.599  4.636 -0.445 24,25,51,52                                           
116043802 31000 5.599  2.924  0.460 25,26,40,52,53                                        
118269334 29260 5.599  4.196  0.028 17,58                                                 
118298029 25480 5.301  4.346 -0.280 18,58                                                 
118334802              4.660 -0.377 18,58                                                 
120638388 31000 5.599  4.193 -0.295 14,40,41,53,54                                        
129361218 20603 3.366 -3.818  0.284 34                                                    
136975077 31800 5.702  4.609 -0.346 15,16,55,56                                           
137306463 29700 5.702  4.768 -0.305 14,40,41                                              
137504709 31000 5.599  4.539 -0.438 20,40,47,53,60,73                                     
137608661 31000 5.599  4.066 -0.417 14,20,26,47,53,60,73                                  
137714020 30436 4.392  1.382 -0.210 21,41,48                                              
138440897 31000 5.599  4.509 -0.324 20,40,47,52,53,59,60                                  
138618727 29580 5.436  3.921 -0.401 14,15,21,41,48                                        
139271306 31000 5.599  4.910 -0.322 20,47                                                 
139723188 34000 5.799  4.528 -0.463 01,27,28,68                                           
141602548 31000 5.599  2.888  0.407 19,20,26,40,47,53,59,60,73                            
141620982 27800 5.301  4.076 -0.374 19,20,26,40,47,59,60                                  
142491300 27600 5.301  4.502 -0.329 14,20,21,40,41,47,53,60                               
142781574 31000 5.599  3.999 -0.364 20,21,40,47,60                                        
148624156  7600 3.988  2.371  0.282 21,48                                                 
148785530 29200 5.499  4.340 -0.384 24,50,51                                              
149368979 19992 4.342  3.420  0.134 21,44-46,48,72                                        
149441063 33230 6.004  4.930 -0.467 21,44-46,48,72                                        
149442831 30810 5.903  5.232 -0.438 21,48                                                 
149468778 31000 5.599  4.019  0.071 21,44-46,48,72                                        
150362541              5.682 -0.423 15,22,48,49                                           
153976829 31000 5.599  3.752 -0.047 21,41,48,49                                           
154510451 31000 5.599  4.245 -0.296 20,40,41,47,48,53,60                                  
156423894 29600 5.599  3.880 -0.435 23,49                                                 
156623726 27600 5.402  3.833 -0.389 23,50                                                 
157982674 25380 5.301  4.469 -0.386 14,19,20,21,26,40,41,48,60,73                         
158387021 31000 5.599  3.675 -0.334 14,40,41,53,55                                        
158490159 17637 3.794 -1.584 -0.223 14,15,26                                              
158918567 31000 5.599  4.467 -0.391 14,40,41,53-55                                        
159502560  9999 2.224 -2.685 -0.187 14,15,18-22,25,26,41,47,48,52,53,55,59,60,73          
159923054 31410 5.599  4.868 -0.430 23,49,50,51                                           
160553438 10969 3.701 -0.791 -0.114 14-16,18-23,26,40,41,47-49,52,53,55,56...             
160583519 31000 5.599  3.449  0.279 15,17-23,25,26,40,41,47-57,59,60,73                   
160603215  7334 4.525  3.231  0.384 20,21,40,41,48,49,52,53,55,59,60,73                   
162128750 31000 5.599  4.353 -0.286 15,16,56                                              
162576788 31000 5.599  3.028  0.425 23-25,50-52                                           
162594193 34670 5.702  2.629  0.282 23-25,50-52                                           
162616331 14299 3.829 -0.647 -0.192 23-25,50-52                                           
165312944 33600 5.806  4.460 -0.488 15,22,48,49                                           
165547989  7297 4.298  3.183  0.368 25,26,52                                              
165650748  7495 4.231  3.048  0.321 15,16,22-24,49,50                                     
165797593 31000 5.599  4.185 -0.323 20,44-47                                              
167746025 32000 5.731  4.526 -0.435 05,06,32,33                                           
172570604 19764 4.267  2.623  0.407 22                                                    
173008025 31000 5.599  2.836  0.177 22,48                                                 
175402069 32780 5.742  4.493 -0.402 23,46,50                                              
175599737 25293 3.697 -3.140 -0.270 07,08,34,35                                           
177860391             -2.899  0.001 07,33                                                 
184427882 27730 5.519  4.684 -0.280 14,15,41,54,55                                        
186484490 28500 5.402  4.168 -0.359 17                                                    
186513548 31000 5.599  4.945 -0.390 17,57                                                 
187458882 19936 3.702 -3.862 -0.278 07,34                                                 
188633484 12665 3.836 -0.503 -0.146 17,20,23-26,40,47,50-54,57,59,60,73                   
192063894              8.653 -0.422 20,47,60                                              
193600962 25500 5.402  4.293 -0.387 25,26,51-54                                           
198106374 32430 5.599  4.476 -0.461 22,49                                                 
198240464 31000 5.599  3.789  0.281 14,16-19,21-26,40,41,47-60,73                         
198279946 12781 3.741  0.332  0.483 14,16-19,21-26,40,41,47-49,51-60,73                   
198386262 31000 5.599  4.484  0.285 20-22,40,41,47,49,50-54,56,57,59,60,73                
198388195  9997 3.759  0.167 -0.064 14-17,19-26,40,41,47,49-57,59,60,73                   
198390914 31000 5.599  0.262  0.507 14-26,40,41,47-60,73                                  
198456386              0.217 -0.191 14-26,40,41,47-54,56,57,59,60,73                      
198537188 31300 5.702  4.554 -0.417 21,22,41,48-51,57                                     
198614726 31000 5.599  1.902 -0.101 25,26                                                 
199572361  9887 4.141  1.545  0.056 15,16,18,21-25,41,48,49-52,55-58                      
199687979  9133 3.563 -0.146  0.070 16,19,20,22-26,40,49,50,52,53-59,73                   
199713570  9035 3.733  0.391  0.040 20-23,40,41,47-60,73                                  
202351745  5363 4.669  5.672  0.996 22,23,48-51                                           
202352600 31000 5.599  4.376 -0.516 21,22,41,48-51                                        
202354658 29060 5.402  3.956 -0.440 15,16,18,22-24,48-51,58                               
202442617  5650 4.407  4.727  0.858 15,16,21-23                                           
202444159 31000 5.599  3.072  0.089 21-23,41,48-50                                        
202466623  8273 4.595  3.519  0.189 14-16,21-23,41,48-50                                  
202491630 30600 5.599  4.564 -0.423 14-16,21-23,41,48,50                                  
207440585  6359 4.037  3.403  0.615 16,22-25,49,50-52,56                                  
219492314 34400 5.903  4.380 -0.486 24,25,51,52                                           
219509849 34000 5.799  4.092 -0.414 25,50-52                                              
219773853 31000 5.599  4.630 -0.409 14-20,22-26,40,41,47-50,52-60                         
220323146 19918 3.929 -2.426 -0.334 06,33                                                 
220573709 50000 5.802  5.081 -0.519 01-03,28,30,64,68                                     
224607716 10755 3.959  0.572  0.007 14-26,40,41,47-60,73                                  
229452839  7802 4.001  1.847  0.268 14-26,40,41,47-60,73                                  
229479255  8000 2.678 -1.989  0.105 14-26,40,41,47-60,73                                  
229486109 31000 5.599  4.075 -0.392 14-18,20,21,23,24,40,41,47,48,50,51,54-56,58-60,73    
229593795 27700 5.201  4.312 -0.349 14-26,40,41,47,48,50-60                               
229664008 29900 5.702  4.858 -0.364 24,51                                                 
229670516 14365 3.852 -0.483 -0.191 14-26,40,41,47-49,51-56,58-60,73                      
229751806  9999 4.356  4.195 -0.345 14-20,22-26,40,41,47-50,52-60,73                      
229793060              0.022 -0.199 14-26,40,41,47-60,73                                  
229966103 12019 3.926  0.100 -0.106 14,16-26,40,41,47-52,54-60,73                         
230004050 16206 4.493  2.689 -0.086 20-22,40,41,47,48,50-60,73                            
230376298 29000 5.499  4.380 -0.356 14,16-26,40,41,47-58,60                               
232521983 31000 5.599  3.801 -0.409 15,20,21,40,41,60                                     
232615474 29600 5.499  4.391 -0.406 14-20,22-26,40,41,47-50,52-60                         
232633722 31000 5.599  2.856  0.592 20-23,40,41,47-60,73                                  
232643392  7174 4.058  2.853  0.503 14-16,19,22,25,26,40,41,49,52,53,55,56,58-60,73       
233056547 18320 4.483  2.635  0.429 16,17,20-23,25,40,41,47,48-58,60,73                   
233073319 29778 5.629  4.210 -0.376 14-26,40,41,47-52,54-60                               
233094446 19996 4.493  4.238 -0.353 14-19,21,22,24-26,41,47-49,51,52,54-60,73             
233121908 13777 3.836 -0.643 -0.148 15-20,22-26,40,47-50,52-58                            
233130512 13714 4.396  2.029  0.394 15-23,25,26,41,48,49,51-59,73                         
233170098              4.789 -0.387 14,15,20-22,40,41,47-49                               
233211303 27500 5.301  4.289 -0.388 14-16,18,19,21-26,41,48,49,51-55,57-60,73             
233387809 17254 4.026 -0.795 -0.161 14,16,17,41,55-57                                     
233497379  7365 3.802  1.731  0.372 14-26,40,41,48-56,58-60,73                            
233535488 25064 5.271  4.042 -0.326 14-17,19-26,40,41,47,49-54,56-60,73                   
233539736  6999 3.273  0.478  0.413 14-20,22-26,40,47-50,52-60,73                         
233571681  7122 4.193  2.706  0.419 15-17,19-26,40,41,47,49-54,56-60,73                   
233613741 14721       -2.707 -0.167 14-26,40,41,47-60,73                                  
233635622 29400 5.402  4.122 -0.403 21,48                                                 
235716106 31000 5.599  2.205  0.390 20-22,40,41,47,48,51-53,55,58-60,73                   
235716442 10244 3.907  0.439  0.035 19-21,25,26,40,41,47,48,51-53,55,59,73                
236770588 16120 4.499  2.335  0.425 20-23,40,41,47-51,53-58,60,73                         
236773991 14255 4.069 -0.176 -0.191 14-16,19,22,25,26,40,41,49,52-56,59,60,73             
236785664 10305 3.558 -0.849 -0.034 14-20,22-26,40,47-50,52-60,73                         
236872887 10425 3.663 -0.220  0.055 14-18,21,24,41,48,51,55-58                            
236972980 27300 5.402  4.423 -0.138 15-18,21,24,41,48,51,55-57                            
237197184 31000 5.599  4.747 -0.381 26,40,53,54                                           
238314043 17197 3.766 -1.223  0.106 07-09,34-36                                           
238381092 16368 4.022 -1.218 -0.215 07,09,34                                              
238489837 16040 3.954 -1.457 -0.269 07,09,34,61,62                                        
238719326 31000 5.599  4.582 -0.307 18,58                                                 
239122172 31820 5.702  5.554 -0.367 20,44-47,60,71,72                                     
240109525 31000 5.599  3.898 -0.228 20,43-45,60,71-73                                     
240826471 31000 5.599  3.645 -0.140 17,58                                                 
241065253              4.275 -0.315 17,18,58                                              
243276811  7048       -0.809  0.486 14-17,19-26,40,41,47,49-60,73                         
243366614 23800 5.339  4.402 -0.313 14-17,20,23,26,40,41,47,49,50,53,54,56,57,59,60,73    
243520386 30600 5.499  4.119 -0.400 14,41,55                                              
248949857 35700 5.702  2.866  0.222 03,30                                                 
252991559 34900 6.102  4.690 -0.343 20,47,60                                              
252997535 31000 5.599  4.426 -0.472 20,60                                                 
256662953  9537 3.841  1.139  0.256 14-19,21,22,24,41,47,48,49,51,52,54-60,73             
257024892 31000 5.599  2.386  0.374 14,15,20-22,26,40,41,47,48,53,60,73                   
258109545 22100 4.701  2.974 -0.253 24,25,51                                              
258461221 10380 3.954  0.721  0.009 14-26,40,41,48-60,73                                  
258700451 14382 4.399  2.113  0.404 16,17,21-23,25,26,40,41,47-49,51-60,73                
258826647  9999 4.611  3.575 -0.280 20-22,40,41,47-60,73                                  
258844836 33644 5.702  4.497 -0.432 17,42,43,57,70                                        
258924365 27600 5.301  4.533 -0.146 14-24,26,40,41,47-60,73                               
258954765 19611 2.719 -3.793 -0.266 14-19,21,22,25,26,40,41,47-56,58-60,73                
259171045 23800 4.999  4.031 -0.043 14,16-24,26,40,41,47-51,53,55-60,73                   
261131970 11774 3.781 -0.107  0.039 15,16,56                                              
261134863  9601 4.441  1.838  0.084 15,16                                                 
264075158 18639 3.722 -2.335 -0.196 17-20,24,26,40,52,53,58-60,73                         
264180023 17887 3.918 -0.875  0.099 17-19,24-26                                           
264305622 28100 5.402  4.418 -0.257 18-20,24-26,40,52,53,58,60                            
264468331 25600 5.099  4.445 -0.239 18-20,24-26,40,53,58-60,73                            
265080539 15180 4.017 -0.946 -0.237 06,33                                                 
266347283 31000 5.599  3.054  0.364 19,20,26,40,47,53,60,73                               
268605693 31000 5.599  5.155 -0.281 14,15,41,54,55                                        
268971806 22431 3.916 -2.371 -0.338 07-09,34,35,61,62                                     
269118344              0.109 -0.164 06,32                                                 
269598007  9746 4.295  1.917  0.147 14-19,21,22,24,41,48,49,51,52,54-60,73                
269696438  9910 3.858  0.869  0.219 14-26,41,48,49,51-53,55-60,73                         
270491267 31000 5.599  3.929 -0.359 14-16,20-23,26,40,41,47-50,53,56,60                   
271164763              4.052 -0.345 14,15,40,54                                           
273875093 31000 5.599  4.431 -0.292 14,15,41,54,56                                        
274192238 27900 5.499  4.808 -0.060 15                                                    
274331770 31000 5.599  4.524 -0.262 20,60                                                 
274385041 32430 5.499  4.354 -0.339 16,23,25,26,50-53,73                                  
274623605 26010 5.099  3.659 -0.406 24,25,51-53                                           
275038687 15854 3.738 -1.982 -0.238 24-26,51-53                                           
275420565  9826       -3.156  0.160 16-18,24,56,58                                        
275504377 10312       -0.327  0.693 15-17                                                 
275691308 31264 5.863  5.051 -0.416 20-22,40,41,47-54,56-60,73                            
276549422 16156 4.106 -1.161  0.261 16                                                    
276653683 21116 3.758 -2.133  0.152 15-17,41,55-57                                        
277013493 19637 4.499  0.716 -0.048 16,55,56                                              
277502552 11643       -3.547  0.477 15-17,55-57                                           
278358300 17389 3.834 -1.094  0.007 14-16,41,55,56                                        
279826483 31000 5.599  4.007 -0.405 21,48                                                 
283818445 29170 5.499  4.449 -0.404 23,24,50                                              
283870336 25200 5.301  4.209 -0.345 24,51                                                 
284562929 24600 5.301  4.849 -0.320 14-16,20,23,26,40,41,47,50,53,54,56,57,60,73          
284563819 14627 3.831 -0.965 -0.187 14-17,20,23,26,40,41,47,50,53-60,73                   
284735369 18171 3.516 -2.279 -0.168 07,33,34                                              
284759068 12608 4.029 -0.266 -0.141 24,51                                                 
285010437 28900 5.301  4.180 -0.410 21                                                    
285194955 31000 5.599  4.631 -0.271 26,40,53                                              
286916209 19700 5.301  0.734 -0.036 15,16,22,49                                           
287141559 27700 5.499  4.414 -0.370 21,40,47                                              
287193769 18459 3.999 -1.322 -0.256 14,15,17,20,23,40,41,47,50,53-57,60,73                
288316744  9999 4.611  3.890 -0.327 14,18-21,24-26,40,41,47,48,51,52,55,58-60             
288639535 26300 5.402  4.547 -0.313 14,18-20,24-26,40,41,47,52,53,58-60                   
289536555 31000 5.599  3.914 -0.148 15,16,18-23,25,26,40,41,47-56,58-60,73                
298093039 31000 5.599  3.365 -0.049 15,16,21,22,41,48,49                                  
298109741 31000 5.599  3.833 -0.384 15,16,21,22,48,49                                     
298542142 31000 5.599  4.131 -0.391 24,26,40,51,52,54                                     
298601073 27500 5.372  4.107 -0.344 14,18,21,25,26,40,41,48,51,52,54,55,58                
298663903 17107 4.488  2.882  0.340 20-22,40,41,48-60,73                                  
305255878 23605 3.468 -3.459  0.092 15,17,18,24,56-58                                     
305850608                     0.183 15-17,56,57                                           
309591474  9995 4.356  3.823 -0.135 22,49                                                 
311432346  7384 4.136  2.955  0.344 25,26,52,53                                           
311521201 22880 5.499  5.012 -0.326 25,26,52,53                                           
311898870 31000 5.599  4.353 -0.074 16,56                                                 
313007038 31000 5.599  4.304 -0.378 20,40,47,53,60                                        
313303167  8000 4.213  2.731  0.213 14,15,21,22,41,47,49                                  
313986452 16251 3.258 -1.339  0.645 15-17,56,57                                           
314576961  9767       -3.072  0.353 15-17,56                                              
316681593  7155 4.248  3.481  0.396 25,26,52,53                                           
318252726 33800 4.899  2.634 -0.483 21                                                    
318357716  7740 4.562  2.929  0.321 21                                                    
320039694 28200 5.301  4.454 -0.230 17,57,58                                              
321335373 18406 3.549 -2.103  0.203 15-17,55,57                                           
321818578                    -0.220 16-18,24,25,52,57-59                                  
322060937 16550 3.558 -1.583  0.288 16-18,24,57,58                                        
322312832  5794 2.897  0.174  0.748 16-18,24,57,58                                        
322312868              2.106  0.847 16-18,24                                              
329074395 20497 3.558 -1.857  0.533 15-17                                                 
331553315 26800 5.402  4.439 -0.192 19,25,26,52,53,59,73                                  
332210657 16790 4.461  3.605 -0.457 20,47,60                                              
333419799 37600 5.702  4.208 -0.288 16,17,57                                              
334901449 27400 5.402  4.276 -0.401 25,26,51-53                                           
335036191  8836       -2.253  0.524 16,17,18,24                                           
335682563 31000 5.599  3.861  0.062 14-16,21-23,41,48-50                                  
337364158  8415       -0.755  1.617 16,17,24                                              
337886863 11686       -2.066  0.674 16-18,24,57,58                                        
341816971 10099 4.086  0.798  0.003 14-26,40,41,47,48,50-58,60,73                         
346597868  6508 3.703  2.649  0.592 18,70,71                                              
349920226  9414 4.289  1.813  0.173 15-18,22,24,25,48,52,55,56,58,59                      
352556540 10107       -2.595  0.119 14-16,41,55-57                                        
352762746  4798        2.696  1.409 15-17,24,55-58                                        
353895732 10000 3.973  4.160 -0.379 14-26,40,41,47-52,54-60                               
356107943 31000 5.599  4.480 -0.421 16,17,20-23,25,26,40,41,47-60                         
356341059 31000 5.599  4.089  0.285 21,40,41,47,48,50-60,73                               
356674547 31000 5.599  4.432 -0.267 22,48                                                 
357032981 31000 5.599  1.976  0.418 21,22,40,41,48,49,51-60,73                            
358467049 12222 4.173  0.884  0.120 01,04,07-11,27,31,34-37,61-64,68                      
359055762 31000 5.599  3.170  0.297 22,49                                                 
362105045  8096 4.563  3.616  0.246 20-22,40,41,47-52,54-60,73                            
365213081 31000 5.599  5.074  0.177 15,16,56                                              
367003034 31000 5.599  4.539 -0.178 17-19,24,25,52,57,59                                  
367779738 31000 5.599  4.845 -0.378 20,23-26,40,47,50-53,57,60,73                         
368827573 31000 5.599  4.199 -0.218 20,60                                                 
372913684 15001 3.911 -0.508 -0.022 01,04,07-11,27,31,34-37,61-64,68                      
376869778  9758 3.669 -0.187  0.001 14-26,40,41,47-51,53-58,60,73                         
377053047  8132 4.455  2.624  0.226 20,22,23,40,47-50,52-60,73                            
377099704 19280 3.662 -2.879 -0.296 14-17,19,20,22,23,26,40,47,49,50,52-54,56,57,59,60,73 
377159029  7598 4.237  2.485  0.313 14-26,40,41,47-60,73                                  
377309425 39970 5.903  4.535 -0.437 20,47,60                                              
379203908 31000 5.599  4.968 -0.155 20,59,60,73                                           
384992041              4.460 -0.112 18,58                                                 
388940683 28300 5.702  4.220 -0.405 23,46                                                 
392569763 11347 3.811 -0.218 -0.092 14-16,18-23,25,26,40,41,47-53,55-60,73                
393790402 29700 5.903  4.542 -0.388 22                                                    
393852409  7378 4.321  3.728  0.347 21,48                                                 
394020645 28210 5.201  3.738 -0.054 25,26,52,53                                           
398912586 19995 4.395  4.780 -0.310 17,42,43,57                                           
398940155 31060 6.102  2.372  0.236 17,42,43,57,70                                        
402894425 26010 3.909 -2.233  0.239 15-19,21,22,24-26,48,49,51-53,55-60,73                
406931389 31000 5.599  4.799 -0.371 20,40,41,49,53-57,59,60,73                            
407615454 15020 3.743 -1.471 -0.091 05,32                                                 
407742096 12816 4.053 -0.100 -0.023 15,16,56                                              
409233684 29900 5.702  4.447 -0.362 20,47                                                 
412353405  4588       -0.500  1.612 16-18,24                                              
412359545 15337 3.963 -0.799 -0.008 16-18,24                                              
415820931 31000 5.599  4.492 -0.429 17,57                                                 
416542110 31000 5.599  3.870  0.079 22,49                                                 
417620454              4.989 -0.354 19,20,25,26,40,47,52,53,59,60,73                      
418011185 31000 5.599  4.666 -0.416 23,50                                                 
420114700  9546 4.056  1.277  0.111 14-26,41,47-60,73                                     
421335341  7293 4.397  3.293  0.386 15-26,40,41,47-60,73                                  
422331664 29800 5.799  4.667 -0.400 23,50                                                 
423026102 35800 5.903  4.912 -0.452 25,26,52,53                                           
424383364 23300 5.402  4.544 -0.217 15-26,40,41,47,48,50-60,73                            
424720852 31000 5.599  3.973 -0.383 14-16,20,23,40,41,50,54-57,60                         
424903953 31000 5.599  4.785 -0.353 20,40,41,54-56,60                                     
427312571 15132 3.649 -1.697 -0.152 17,24,57                                              
427393058 17486 4.043 -1.208 -0.205 06,32                                                 
427393350             -0.605 -0.226 32                                                    
427393920             -1.358  0.569 06,32                                                 
427394772             -3.048  0.173 06,32                                                 
427395300              0.286  0.301 32                                                    
429412649 15652 3.916 -1.355 -0.247 15-17,55,57                                           
430960919 29600 5.599  4.732 -0.220 16,17,56,57                                           
435866273 27520 5.499  4.375 -0.370 17,57                                                 
437746793              4.720 -0.348 17,57                                                 
441687165              5.044 -0.447 15,16,22,49                                           
441713413 31000 5.599  2.738  0.252 16,23,49,50                                           
441715327 31000 5.599  1.927  0.475 20-23,40,41,47-53,55,56,58-60,73                      
441725813              4.080 -0.407 14-25,40,41,47-52,55-60,73                            
443848410             -3.451 -0.399 07,34,61                                              
444061855 31510 5.799  4.989 -0.452 16,23,49-51                                           
445831245  7953 4.506  3.738  0.255 22,49                                                 
453366788 31000 5.599  3.344  0.258 20,47,60                                              
455755305              4.655 -0.189 17,57                                                 
458452988 28360 5.499  3.995 -0.405 16,22,23,49                                           
458785169 28500 5.499  5.320  0.127 18                                                    
460090329 31000 5.599  2.308 -0.367 25,26,52,53                                           
461658287 19929 4.498  3.469 -0.291 20,47,60                                              
464839773             -1.458 -0.260 06,32                                                 
467178271  9999 4.446  3.212 -0.368 22,48,49                                              
469523327 12247       -1.817  0.328 15-17                                                 
