Title: Rotation Signatures of TESS B-type Stars: Enlarging the Sample
Authors: Campelo J.P.S., Canto Martins B.L., Leao I.C., Fontinele D.O., 
         Gomes R.L., Messias Y.S., Janot-Pacheco E., Almeida L.A., Brito A.C., 
         Ferreira Lopes C.E., De Medeiros J.R.
Table: TESS B-type stars with ambiguous variability from the present manifold 
       analysis.
================================================================================
Byte-by-byte Description of file: apjadef2ft3_mrt.txt
--------------------------------------------------------------------------------
   Bytes Format Units Label  Explanations
--------------------------------------------------------------------------------
   1-  9 I9     ---   TIC    TESS Input Catalogue ID
  11- 15 F5.3   ---   CROWD  Star density around a source in Gaia data (1)
  17- 25 F9.6   ---   RUWE   Renormalized Unit Weight Error (2)
--------------------------------------------------------------------------------
Note (1): From Stassun et al. (2019) [2019AJ....158..138S].
Note (2): From Gaia Collaboration (2022) [2022yCat.1355....0G].
--------------------------------------------------------------------------------
  1152358 0.993  1.016000 
  4373827 0.741  1.143000 
  9346617 0.858  0.688000 
  9375378 0.929  1.099000 
  9376301 0.986  1.009000 
 14249970 0.452  1.516000 
 16046443 0.639  1.101000 
 16876165 0.998  1.293000 
 17124499 0.529  1.029000 
 17656164 0.922  1.067000 
 18745933 0.462  1.118000 
 21343832 0.755  0.965000 
 21372970 0.943  1.069000 
 21599042 0.524  1.085000 
 21682866 0.947  3.513000 
 23708714 0.994  1.214000 
 39947484 0.799  1.506000 
 47377536 0.924  1.043000 
 47581488 0.979  1.166000 
 55642026 0.909  1.704000 
 56863037 0.964  0.969000 
 57189056 0.699  1.083000 
 57257430 0.599  1.042000 
 63719894 0.939  0.987000 
 68873560 0.855  1.218000 
 69025787 0.639  1.033000 
 71146552 0.997  0.895000 
 76343753 0.966  0.979000 
 82286180 0.994  1.129000 
 85145647 0.726  1.062000 
 85400193 0.969  1.033000 
 85407360 0.682  1.299000 
 85979436 0.606  1.065000 
 86430323 0.694  1.069000 
 88021496 0.845  1.099000 
 88484868 0.624  1.052000 
 88565376 0.814  0.979000 
 91198426 0.784  1.019000 
 92124675 0.988  1.094000 
 95767039 0.995  1.006000 
 95856782 0.923  1.174000 
 99091407 0.977  1.038000 
 99899463 0.945  1.055000 
 99954966 0.752  1.011000 
100013600 0.968  1.094000 
101167744 0.841  1.117000 
101548929 0.965  1.047000 
115286784 0.878  1.162000 
116043802 0.943  1.424000 
118298029 0.982  1.033000 
118334802 0.977  1.201000 
136975077 0.328  0.899000 
137504709 0.815  1.029000 
137714020 0.294  1.167000 
138440897 0.769  1.099000 
139271306 0.855  1.119000 
139723188 0.909  0.963000 
141602548 0.985  1.043000 
141620982 0.814  1.049000 
142491300 0.989  1.057000 
142781574 0.659  1.102000 
148624156 0.987  1.128000 
149368979 0.688  1.083000 
149441063 0.953  0.702000 
149442831 0.918  0.938000 
149468778 0.863  1.069000 
150362541 0.595  0.721000 
154510451 0.971  0.938000 
156423894 0.911  1.049000 
156623726 0.839  1.142000 
157982674 0.977  1.018000 
158918567 0.827  0.726000 
159923054 0.899  1.059000 
160603215 0.811  1.072000 
162576788 0.948  1.214000 
162594193 0.994  1.029000 
165312944 0.995  0.929000 
167746025 0.838  1.042000 
172570604 0.986  1.039000 
173008025 0.962  1.159000 
184427882 0.233  1.014000 
186513548 0.942  0.974000 
188633484 0.925  1.142000 
192063894 0.898  0.953000 
193600962 0.948  1.099000 
198106374 0.986  0.977000 
198390914 0.916  1.294000 
198537188 0.918  1.131000 
198614726 0.659  0.999000 
199572361 0.999  1.096000 
199687979 0.974  0.879000 
199713570 0.854  1.002000 
202351745 0.502  1.606000 
202352600 0.778  1.089000 
202354658 0.931  1.089000 
202444159 0.979  0.992000 
202491630 0.967  0.798000 
207440585 0.815  1.086000 
219492314 0.967  1.042000 
219509849 0.992  0.959000 
219773853 0.823  1.059000 
229486109 0.686  1.077000 
229593795 0.471  0.988000 
229664008 0.994  1.105000 
230004050 0.552  0.984000 
230376298 0.648  1.035000 
232521983 0.992  1.131000 
232615474 0.955  1.013000 
233056547 0.678  1.326000 
233073319 0.893  0.969000 
233094446 0.341  1.054000 
233130512 0.875  1.116000 
233170098 0.998  0.901000 
233211303 0.938  1.029000 
233497379 0.997  2.204000 
233535488 0.726  1.087000 
233571681 0.647  1.044000 
233635622 0.996  1.044000 
235716106 0.834  1.107000 
235716442 0.064  0.979000 
236770588 0.565  0.922000 
236972980 0.297  1.001000 
237197184 0.728  0.989000 
238719326 0.879  0.986000 
239122172 0.609  1.065000 
240109525 0.558  1.324000 
240826471 0.569  1.023000 
241065253 0.916  1.213000 
243366614 0.497  1.076000 
243520386 0.658  0.905000 
248949857 0.997  0.895000 
252991559 0.506  1.077000 
252997535 0.718  1.027000 
256662953 0.987  1.019000 
257024892 0.995  1.051000 
258700451 0.669  1.269000 
258844836 0.997  1.034000 
258924365 0.851  0.984000 
259171045 0.886  1.158000 
261131970 0.955  2.197000 
261134863 0.875  1.306000 
264305622 0.476  0.991000 
264468331 0.328  1.097000 
266347283 0.989  1.216000 
268605693 0.321  0.985000 
269598007 0.989  0.877000 
273875093 0.303  1.075000 
274192238 0.523  0.963000 
274331770 0.489  1.077000 
274385041 0.866  1.067000 
274623605 0.772  1.077000 
275504377 0.899  0.843000 
275691308 0.608  1.049000 
279826483 0.989  0.659000 
283818445 0.906  1.091000 
283870336 0.807  1.009000 
284562929 0.335  1.021000 
284735369 0.992  1.022000 
285010437 0.892  1.076000 
285194955 0.804  0.842000 
286916209 0.999  0.948000 
287141559 0.516  1.073000 
288316744 0.571  1.086000 
288639535 0.874  1.049000 
298109741 0.624  1.069000 
298542142 0.929  1.098000 
298601073 0.523  1.077000 
298663903 0.572  0.963000 
309591474 0.691  1.224000 
311521201 0.941  0.997000 
313007038 0.899  1.008000 
318252726 0.923  1.111000 
318357716 0.996  0.959000 
331553315 0.895  1.159000 
332210657 0.652  1.038000 
334901449 0.875  1.008000 
341816971 0.998  0.958000 
346597868 0.969  1.566000 
356107943 0.855  1.111000 
356674547 0.808  1.188000 
357032981 0.857  0.997000 
362105045 0.921  1.159000 
367003034 0.802  1.039000 
368827573 0.769  1.076000 
376869778 0.661  1.806000 
377053047 0.517  1.001000 
377309425 0.889  1.104000 
379203908 0.987  1.023000 
388940683 0.867  0.982000 
398912586 0.298  1.093000 
406931389 0.738  1.121000 
409233684 0.948  1.077000 
415820931 0.919  0.723000 
416542110 0.993  2.009000 
418011185 0.911  1.072000 
420114700 0.988  0.979000 
421335341 0.418  0.943000 
422331664 0.955  1.082000 
423026102 0.928  1.025000 
424383364 0.487  1.026000 
424720852 0.675  1.074000 
424903953 0.202  0.999000 
435866273 0.977  1.023000 
437746793 0.973  0.683000 
441687165 0.639  0.969000 
441713413 0.979  0.979000 
441715327 0.965 21.666000 
443848410 0.997  1.027000 
444061855 0.908  1.019000 
445831245 0.978  0.987000 
453366788 0.235  1.045000 
455755305 0.929  0.943000 
458452988 0.871  1.033000 
460090329 0.639  1.111000 
461658287 0.836  3.193000 
467178271 0.933  1.307000 
